$ANSIBLE_VAULT;1.1;AES256
61326262653361626262366363626263353166613634313736373136613632383939653935656661
6662306539333030343437363830343663383465383365350a303234623132623938613132363438
62383338326537346233363733323361623665303264666363336432343239383965326230346130
3937653465643733660a323930313765393233303930623533666234613932653431303937613465
35386665373530636534323330666566393766613032623934623236666634313361306335343462
32343234623065316265373631356433333536653135323336666363306439323866376563363362
32653763623062623738633064666130363533623936623365653961336138313730316163366334
66646530356465613634366239366636383334343530333664333931366431326338303163613965
65373935373064343034613162613637376432663133386466373664376166343731323038643231
37633332363033306330666363653635663132383133313365643865613539646135383837646366
33333332613064356533376234356432346438333134323263366662616234623838393439656630
65626265646262393663373731376133643931303736326164653030373837303535333136633930
63323837663564643637613861326130313764643061616233303737363937623332333238353861
38303837376133346464306336303332303331656166326266653539333862623030376334653162
38323039366438346461373339373134386635346631626266306236663834666438353930633734
63333331376335636562386561373866323435306266386363303536343761633964346339343131
65366366616630653239303262343263383531346263656434353564643265363837353333313535
65353935396136356363386265346433363232663562626237626466373963356434383166626536
30383065363438666465386230656164336439373339396236643563313535306135656663623133
63363330383662333661396336333239643939343638663735313339653465366237353434393366
63353862383164393064313835303438633332333966333663356139353133646539356430393738
39333030623966626531323565613639386534353833396261306530366337393832363564396661
37623532336166623536306637653737386233303865343766623134303361363736313231373962
30386335386437306162383432316235613864666265666638343632653333383634343138306464
35353432333262303732366161643338323933653766313535633862356432356263396236643061
39373462636538393835623766646633386432626435653330396462323764393363346265623439
626561653363383763656337313736633163
